header:
  seq: 0
  stamp:
    secs: 0
    nsecs: 0
  frame_id: gps
status:
  status: 0
  service: 1
latitude: 39.5384929242400
longitude: -122.3311032854800
altitude: 61.9692354956642
position_covariance: [0.0, 0.0, 0.0, 0.0, 0.0, 0.0, 0.0, 0.0, 0.0]
position_covariance_type: 0
