gps_ref: thunderhill
start_mid: [-94.7206496903,
            264.044701605]
angle: 1.5710994121480628
length: 113.87212469318827
lane_width: 3.4