angle: -1.5710994121480628
gps_ref: thunderhill
lane_width: 4.0
length: 66.06239001860463
start_mid: [-98.4871394286554, 416.57788817794994]
