angle: 1.099300627152208
gps_ref: vail
lane_width: 2.762930240325197
length: 145.75688617801256
start_mid: [-21.154149266846147, -305.4326025637619]
