angle: 1.580014611708094
gps_ref: thunderhill
lane_width: 4.0
length: 65.17494733097288
start_mid: [-111.2104084022152, 347.51998639683075]
