gps_ref: vail
start_mid: [12.57919996093522,
            -9.826912530125309]
angle: 3.0982689788410354
length: 26.72602485241803
lane_width: 3.052854858718667