gps_ref: thunderhill
start_mid: [-608.8798732080147,
            -140.99949080661563]
angle: -1.4556035390014093
length: 119.79391692298184
lane_width: 3.4