gps_ref: thunderhill
start_mid: [-611.1786372209868,
            -121.13203792476224]
angle: -1.4556035390014093
length: 80
lane_width: 3.4